00000000000000000001000100110111
00000000110000000000000010010011
00000000100000000000000001101111
00000000000000000000000001101111
11111111000000010000000100010011
00000000000100010010011000100011
00000000100000010010010000100011
00000001000000010000010000010011
00000000000000000000010110010011
00000000000100000000010100010011
00011011110000000000000011101111
00001010100000000000000011101111
00000000001100000000010110010011
00000001011100000000010100010011
00011010110000000000000011101111
00000000000000000000000000010011
00000000110000010010000010000011
00000000100000010010010000000011
00000001000000010000000100010011
00000000000000001000000001100111
11111101000000010000000100010011
00000010000100010010011000100011
00000010100000010010010000100011
00000011000000010000010000010011
11111100101001000010111000100011
11111101110001000010011110000011
00001111111101111111011110010011
00000010000001111001001001100011
11111101110001000010011100000011
01111111111100000000011110010011
00000000111001111100110001100011
11111101110001000010011100000011
00000000000000000001011110110111
00000000111001111101011001100011
00000000000100000000011110010011
00000011010000000000000001101111
00010000000000000000011000010011
00000000000000000000010110010011
11111101110001000010010100000011
00001101000000000000000011101111
00100010010000000010011110000011
11111110111101000010011000100011
11111101110001000010011100000011
00100010111000000010001000100011
11111101110001000010011110000011
11111110110001000010011100000011
00000000111001111010000000100011
00000000000000000000011110010011
00000000000001111000010100010011
00000010110000010010000010000011
00000010100000010010010000000011
00000011000000010000000100010011
00000000000000001000000001100111
11111110000000010000000100010011
00000000000100010010111000100011
00000000100000010010110000100011
00000010000000010000010000010011
00000000000100000000010110010011
00000000001000000000010100010011
00001111100000000000000011101111
00000000000000000001011110110111
10000000000001111000011110010011
11111110111101000010011000100011
00000001110000000000000001101111
11111110110001000010011110000011
00000000000001111000010100010011
11110100100111111111000011101111
11111110110001000010011110000011
00010000000001111000011110010011
11111110111101000010011000100011
11111110110001000010011100000011
00000000000000000001011110110111
11111110111101110100000011100011
00000000000000000000000000010011
00000000000000000000000000010011
00000001110000010010000010000011
00000001100000010010010000000011
00000010000000010000000100010011
00000000000000001000000001100111
11111110000000010000000100010011
00000000100000010010111000100011
00000010000000010000010000010011
11111110101001000010011000100011
11111110101101000010010000100011
11111110100001000010011110000011
11111110110001000010011100000011
00000000111001111010000000100011
00000000000000000000000000010011
00000001110000010010010000000011
00000010000000010000000100010011
00000000000000001000000001100111
11111101000000010000000100010011
00000010100000010010011000100011
00000011000000010000010000010011
11111100101001000010111000100011
11111100101101000010110000100011
11111100110001000010101000100011
11111101110001000010011110000011
00000000001101111111011110010011
00000000000001111000011001100011
00000000000100000000011110010011
00000100000000000000000001101111
11111110000001000010011000100011
00000010100000000000000001101111
11111101110001000010011110000011
11111101100001000010011100000011
00000000111001111010000000100011
11111101110001000010011110000011
00000000010001111000011110010011
11111100111101000010111000100011
11111110110001000010011110000011
00000000000101111000011110010011
11111110111101000010011000100011
11111110110001000010011100000011
11111101010001000010011110000011
11111100111101110100101011100011
00000000000000000000011110010011
00000000000001111000010100010011
00000010110000010010010000000011
00000011000000010000000100010011
00000000000000001000000001100111
11111101000000010000000100010011
00000010100000010010011000100011
00000011000000010000010000010011
11111100101001000010111000100011
11111100101101000010110000100011
11111101100001000010011110000011
00110000000001111000011110010011
00000000001001111001011110010011
11111110111101000010011000100011
11111110110001000010011110000011
11111101110001000010011100000011
00000000111001111010000000100011
00000000000000000000000000010011
00000010110000010010010000000011
00000011000000010000000100010011
00000000000000001000000001100111
